         ps       /tb_tx/uut/block_di/m_axis_tdata                  
          delta                /tb_tx/uut/block_dq/m_axis_tdata     
          0  +0                       UUUUUUUUUUUU UUUUUUUUUUUU 
       5000  +2                       000000000000 000000000000 
      85000  +2                       111111111111 111111111111 
     135000  +2                       000000000000 000000000000 
     165000  +2                       000000000001 000000000001 
     185000  +2                       000000000010 000000000010 
     245000  +2                       000000000010 000000000001 
     255000  +2                       000000000001 000000000000 
     265000  +2                       000000000000 111111111111 
     275000  +2                       111111111111 111111111110 
     285000  +2                       111111111101 111111111101 
     295000  +2                       111111111011 111111111011 
     305000  +2                       111111111001 111111111010 
     315000  +2                       111111110111 111111111001 
     325000  +2                       111111110101 111111110111 
     335000  +2                       111111110011 111111110110 
     345000  +2                       111111110001 111111110101 
     355000  +2                       111111101111 111111110011 
     365000  +2                       111111101101 111111110010 
     375000  +2                       111111101100 111111110001 
     385000  +2                       111111101011 111111110000 
     405000  +2                       111111101011 111111101110 
     415000  +2                       111111101100 111111101110 
     425000  +2                       111111101101 111111101101 
     435000  +2                       111111101111 111111101101 
     445000  +2                       111111110010 111111101101 
     455000  +2                       111111110101 111111101101 
     465000  +2                       111111111001 111111101101 
     475000  +2                       111111111101 111111101110 
     485000  +2                       000000000001 111111101110 
     495000  +2                       000000000101 111111101110 
     505000  +2                       000000001001 111111101111 
     515000  +2                       000000001100 111111101111 
     525000  +2                       000000001111 111111110000 
     535000  +2                       000000010010 111111110000 
     545000  +2                       000000010100 111111110000 
     555000  +2                       000000010101 111111110001 
     565000  +2                       000000010110 111111110000 
     585000  +2                       000000010100 111111110000 
     595000  +2                       000000010010 111111110000 
     605000  +2                       000000001111 111111110000 
     615000  +2                       000000001100 111111101111 
     625000  +2                       000000001000 111111101111 
     635000  +2                       000000000100 111111101111 
     645000  +2                       000000000000 111111101111 
     655000  +2                       111111111011 111111101111 
     665000  +2                       111111110111 111111101111 
     675000  +2                       111111110011 111111101111 
     685000  +2                       111111110000 111111110000 
     695000  +2                       111111101101 111111110000 
     705000  +2                       111111101011 111111110000 
     715000  +2                       111111101001 111111110000 
     725000  +2                       111111101000 111111101111 
     735000  +2                       111111101001 111111110000 
     745000  +2                       111111101011 111111110000 
     755000  +2                       111111101101 111111110000 
     765000  +2                       111111110000 111111110000 
     775000  +2                       111111110011 111111101111 
     785000  +2                       111111110111 111111101111 
     795000  +2                       111111111011 111111101111 
     805000  +2                       000000000000 111111101111 
     815000  +2                       000000000100 111111101111 
     825000  +2                       000000001000 111111101111 
     835000  +2                       000000001100 111111101111 
     845000  +2                       000000001111 111111110000 
     855000  +2                       000000010010 111111110000 
     865000  +2                       000000010100 111111110000 
     875000  +2                       000000010110 111111110000 
     885000  +2                       000000010101 111111110001 
     895000  +2                       000000010100 111111110001 
     905000  +2                       000000010011 111111110001 
     915000  +2                       000000010001 111111110001 
     925000  +2                       000000001111 111111110000 
     935000  +2                       000000001100 111111101111 
     945000  +2                       000000001001 111111101111 
     955000  +2                       000000000110 111111101110 
     965000  +2                       000000000010 111111101101 
     975000  +2                       111111111110 111111101100 
     985000  +2                       111111111011 111111101011 
     995000  +2                       111111111000 111111101011 
    1005000  +2                       111111110101 111111101010 
    1015000  +2                       111111110010 111111101010 
    1025000  +2                       111111110000 111111101011 
    1035000  +2                       111111101110 111111101011 
    1045000  +2                       111111101101 111111101101 
    1055000  +2                       111111101101 111111101111 
    1065000  +2                       111111101100 111111110001 
    1075000  +2                       111111101011 111111110011 
    1085000  +2                       111111101011 111111110101 
    1095000  +2                       111111101011 111111110111 
    1105000  +2                       111111101011 111111111010 
    1115000  +2                       111111101010 111111111101 
    1125000  +2                       111111101010 000000000000 
    1135000  +2                       111111101010 000000000010 
    1145000  +2                       111111101011 000000000101 
    1155000  +2                       111111101011 000000001000 
    1165000  +2                       111111101011 000000001010 
    1175000  +2                       111111101011 000000001100 
    1185000  +2                       111111101100 000000001110 
    1195000  +2                       111111101101 000000010000 
    1205000  +2                       111111101111 000000010000 
    1215000  +2                       111111101111 000000010010 
    1225000  +2                       111111110001 000000010011 
    1235000  +2                       111111110011 000000010100 
    1245000  +2                       111111110101 000000010100 
    1255000  +2                       111111110111 000000010100 
    1265000  +2                       111111111010 000000010100 
    1275000  +2                       111111111101 000000010101 
    1285000  +2                       000000000000 000000010101 
    1295000  +2                       000000000010 000000010101 
    1305000  +2                       000000000101 000000010100 
    1315000  +2                       000000001000 000000010100 
    1325000  +2                       000000001010 000000010100 
    1335000  +2                       000000001100 000000010100 
    1345000  +2                       000000001110 000000010011 
    1355000  +2                       000000010000 000000010010 
    1375000  +2                       000000010010 000000010001 
    1385000  +2                       000000010011 000000001111 
    1395000  +2                       000000010100 000000001101 
    1405000  +2                       000000010100 000000001010 
    1415000  +2                       000000010100 000000000111 
    1425000  +2                       000000010100 000000000100 
    1435000  +2                       000000010101 000000000001 
    1445000  +2                       000000010101 111111111101 
    1455000  +2                       000000010101 111111111010 
    1465000  +2                       000000010100 111111110110 
    1475000  +2                       000000010100 111111110011 
    1485000  +2                       000000010100 111111110000 
    1495000  +2                       000000010100 111111101110 
    1505000  +2                       000000010011 111111101100 
    1515000  +2                       000000010010 111111101011 
    1525000  +2                       000000010000 111111101011 
    1545000  +2                       000000001110 111111101100 
    1555000  +2                       000000001100 111111101110 
    1565000  +2                       000000001010 111111110000 
    1575000  +2                       000000001000 111111110011 
    1585000  +2                       000000000101 111111110110 
    1595000  +2                       000000000010 111111111010 
    1605000  +2                       000000000000 111111111101 
    1615000  +2                       111111111101 000000000001 
    1625000  +2                       111111111010 000000000100 
    1635000  +2                       111111110111 000000000111 
    1645000  +2                       111111110101 000000001010 
    1655000  +2                       111111110011 000000001101 
    1665000  +2                       111111110001 000000001111 
    1675000  +2                       111111101111 000000010001 
    1685000  +2                       111111101101 000000010010 
    1695000  +2                       111111101011 000000010010 
    1705000  +2                       111111101011 000000010011 
    1715000  +2                       111111101010 000000010100 
    1735000  +2                       111111101011 000000010100 
    1755000  +2                       111111101100 000000010101 
    1765000  +2                       111111101101 000000010101 
    1775000  +2                       111111101110 000000010101 
    1785000  +2                       111111101111 000000010100 
    1805000  +2                       111111110000 000000010100 
    1815000  +2                       111111110001 000000010100 
    1825000  +2                       111111110001 000000010011 
    1835000  +2                       111111110001 000000010010 
    1855000  +2                       111111110000 000000010001 
    1865000  +2                       111111110000 000000001111 
    1875000  +2                       111111110000 000000001101 
    1885000  +2                       111111110000 000000001010 
    1895000  +2                       111111101111 000000000111 
    1905000  +2                       111111101111 000000000100 
    1915000  +2                       111111101111 000000000001 
    1925000  +2                       111111101111 111111111101 
    1935000  +2                       111111101111 111111111010 
    1945000  +2                       111111101111 111111110110 
    1955000  +2                       111111101111 111111110011 
    1965000  +2                       111111110000 111111110000 
    1975000  +2                       111111110000 111111101110 
    1985000  +2                       111111110000 111111101100 
    1995000  +2                       111111110000 111111101011 
    2005000  +2                       111111110001 111111101010 
    2015000  +2                       111111110001 111111101001 
    2025000  +2                       111111110001 111111101011 
    2035000  +2                       111111110001 111111101101 
    2045000  +2                       111111110000 111111110000 
    2055000  +2                       111111101111 111111110011 
    2065000  +2                       111111101111 111111110111 
    2075000  +2                       111111101110 111111111011 
    2085000  +2                       111111101101 000000000000 
    2095000  +2                       111111101100 000000000100 
    2105000  +2                       111111101011 000000001000 
    2115000  +2                       111111101011 000000001100 
    2125000  +2                       111111101010 000000001111 
    2135000  +2                       111111101010 000000010010 
    2145000  +2                       111111101011 000000010100 
    2155000  +2                       111111101011 000000010110 
    2165000  +2                       111111101100 000000010111 
    2175000  +2                       111111101110 000000010110 
    2185000  +2                       111111110000 000000010100 
    2195000  +2                       111111110010 000000010010 
    2205000  +2                       111111110101 000000001111 
    2215000  +2                       111111111000 000000001100 
    2225000  +2                       111111111011 000000001000 
    2235000  +2                       111111111110 000000000100 
    2245000  +2                       000000000010 000000000000 
    2255000  +2                       000000000110 111111111011 
    2265000  +2                       000000001001 111111110111 
    2275000  +2                       000000001100 111111110011 
    2285000  +2                       000000001111 111111110000 
    2295000  +2                       000000010001 111111101101 
    2305000  +2                       000000010011 111111101011 
    2315000  +2                       000000010100 111111101001 
    2325000  +2                       000000010101 111111101010 
    2335000  +2                       000000010110 111111101011 
    2345000  +2                       000000010100 111111101100 
    2355000  +2                       000000010010 111111101110 
    2365000  +2                       000000001111 111111110000 
    2375000  +2                       000000001100 111111110011 
    2385000  +2                       000000001000 111111110110 
    2395000  +2                       000000000100 111111111010 
    2405000  +2                       000000000000 111111111101 
    2415000  +2                       111111111011 000000000001 
    2425000  +2                       111111110111 000000000100 
    2435000  +2                       111111110011 000000000111 
    2445000  +2                       111111110000 000000001010 
    2455000  +2                       111111101101 000000001101 
    2465000  +2                       111111101011 000000001111 
    2475000  +2                       111111101001 000000010001 
    2485000  +2                       111111101000 000000010010 
    2495000  +2                       111111101001 000000010010 
    2505000  +2                       111111101011 000000010011 
    2515000  +2                       111111101101 000000010100 
    2525000  +2                       111111110000 000000010100 
    2535000  +2                       111111110011 000000010100 
    2545000  +2                       111111110111 000000010100 
    2555000  +2                       111111111011 000000010101 
    2565000  +2                       000000000000 000000010101 
    2575000  +2                       000000000100 000000010101 
    2585000  +2                       000000001000 000000010100 
    2595000  +2                       000000001100 000000010100 
    2605000  +2                       000000001111 000000010100 
    2615000  +2                       000000010010 000000010100 
    2625000  +2                       000000010100 000000010011 
    2635000  +2                       000000010110 000000010010 
    2645000  +2                       000000010110 000000010001 
    2655000  +2                       000000010101 000000010000 
    2665000  +2                       000000010100 000000001111 
    2675000  +2                       000000010010 000000001101 
    2685000  +2                       000000001111 000000001010 
    2695000  +2                       000000001100 000000000111 
    2705000  +2                       000000001001 000000000101 
    2715000  +2                       000000000101 000000000001 
    2725000  +2                       000000000001 111111111110 
    2735000  +2                       111111111101 111111111011 
    2745000  +2                       111111111001 111111111000 
    2755000  +2                       111111110101 111111110101 
    2765000  +2                       111111110010 111111110011 
    2775000  +2                       111111101111 111111110000 
    2785000  +2                       111111101101 111111101110 
    2795000  +2                       111111101100 111111101101 
    2805000  +2                       111111101011 111111101100 
    2815000  +2                       111111101011 111111101011 
    2835000  +2                       111111101100 111111101100 
    2845000  +2                       111111101101 111111101101 
    2855000  +2                       111111101111 111111101111 
    2865000  +2                       111111110001 111111110001 
    2875000  +2                       111111110011 111111110011 
    2885000  +2                       111111110101 111111110101 
    2895000  +2                       111111110111 111111110111 
    2905000  +2                       111111111001 111111111001 
    2915000  +2                       111111111011 111111111011 
    2925000  +2                       111111111101 111111111101 
    2935000  +2                       111111111111 111111111111 
    2945000  +2                       000000000000 000000000000 
    2955000  +2                       000000000001 000000000001 
    2965000  +2                       000000000000 000000000000 
