         ps       /tb_tx/uut/block_e/m_axis_tdata    
          delta                                      
          0  +0                      UUUUUUUUUUUU 
       5000  +1                      000000000000 
     395000  +1                      000001100010 
     405000  +1                      111111000110 
     415000  +1                      111100111111 
     425000  +1                      111011010000 
     435000  +1                      111010000111 
     445000  +1                      111001111111 
     455000  +1                      111010100101 
     465000  +1                      111011100000 
     475000  +1                      111100011010 
     485000  +1                      111101010101 
     495000  +1                      111101111010 
     505000  +1                      111110100000 
     515000  +1                      111111001110 
     525000  +1                      000000100010 
     535000  +1                      000001111011 
     545000  +1                      000011101111 
     555000  +1                      000101011101 
     565000  +1                      000110010110 
     575000  +1                      000110101110 
     585000  +1                      000101101111 
     595000  +1                      000011011010 
     605000  +1                      000000101100 
     615000  +1                      111110000011 
     625000  +1                      111100000000 
     635000  +1                      111011011011 
     645000  +1                      111100010010 
     655000  +1                      111110011110 
     665000  +1                      000000111111 
     675000  +1                      000011011000 
     685000  +1                      000100111100 
     695000  +1                      000100111000 
     705000  +1                      000011101111 
     715000  +1                      000001100010 
     725000  +1                      111110110000 
     735000  +1                      111100001101 
     745000  +1                      111010100000 
     755000  +1                      111001111100 
     765000  +1                      111010001010 
     775000  +1                      111011000110 
     785000  +1                      111100000000 
     795000  +1                      111101000100 
     805000  +1                      111101111000 
     815000  +1                      111110011110 
     825000  +1                      111110110000 
     835000  +1                      111111011101 
     845000  +1                      000000100010 
     855000  +1                      000001111011 
     865000  +1                      000011101111 
     875000  +1                      000101011101 
     885000  +1                      000110101101 
     895000  +1                      000110011010 
     905000  +1                      000101001111 
     915000  +1                      000011010001 
     925000  +1                      000000101100 
     935000  +1                      111110000011 
     945000  +1                      111100000000 
     955000  +1                      111011010101 
     965000  +1                      111011111011 
     975000  +1                      111101100101 
     985000  +1                      000000001111 
     995000  +1                      000010110101 
    1005000  +1                      000100110001 
    1015000  +1                      000101110011 
    1025000  +1                      000101001111 
    1035000  +1                      000011001011 
    1045000  +1                      000000100000 
    1055000  +1                      111101100010 
    1065000  +1                      111011100000 
    1075000  +1                      111010010001 
    1085000  +1                      111010010110 
    1095000  +1                      111011110001 
    1105000  +1                      111110000000 
    1115000  +1                      000000110000 
    1125000  +1                      000011010110 
    1135000  +1                      000100110110 
    1145000  +1                      000101001111 
    1155000  +1                      000100000010 
    1165000  +1                      000001111011 
    1175000  +1                      111111010111 
    1185000  +1                      111100110000 
    1195000  +1                      111010101101 
    1205000  +1                      111001110011 
    1215000  +1                      111010101011 
    1225000  +1                      111100000000 
    1235000  +1                      111110101011 
    1245000  +1                      000001100101 
    1255000  +1                      000011111000 
    1265000  +1                      000101001111 
    1275000  +1                      000101010100 
    1285000  +1                      000100001110 
    1295000  +1                      000010000110 
    1305000  +1                      111111010000 
    1315000  +1                      111100100110 
    1325000  +1                      111010101100 
    1335000  +1                      111010000101 
    1345000  +1                      111010110000 
    1355000  +1                      111100110011 
    1365000  +1                      111111101001 
    1375000  +1                      000010000111 
    1385000  +1                      000100101111 
    1395000  +1                      000110001001 
    1405000  +1                      000110001011 
    1415000  +1                      000100100010 
    1425000  +1                      000001111111 
    1435000  +1                      111111001000 
    1445000  +1                      111100011101 
    1455000  +1                      111010101101 
    1465000  +1                      111010100000 
    1475000  +1                      111100000000 
    1485000  +1                      111110011001 
    1495000  +1                      000001011100 
    1505000  +1                      000100001111 
    1515000  +1                      000110010010 
    1525000  +1                      000110110111 
    1535000  +1                      000101110101 
    1545000  +1                      000100001111 
    1555000  +1                      000001101000 
    1565000  +1                      111111010001 
    1575000  +1                      111101100101 
    1585000  +1                      111101000000 
    1595000  +1                      111101010110 
    1605000  +1                      111110011010 
    1615000  +1                      111111110011 
    1625000  +1                      000000011111 
    1635000  +1                      000000101010 
    1645000  +1                      111111111111 
    1655000  +1                      111110011010 
    1665000  +1                      111100100000 
    1675000  +1                      111010111101 
    1685000  +1                      111001111111 
    1695000  +1                      111010000001 
    1705000  +1                      111011000000 
    1715000  +1                      111101010010 
    1725000  +1                      111111111111 
    1735000  +1                      000010110101 
    1745000  +1                      000101001111 
    1755000  +1                      000110110000 
    1765000  +1                      000111001110 
    1775000  +1                      000110010000 
    1785000  +1                      000100001111 
    1795000  +1                      000001101011 
    1805000  +1                      111111000110 
    1815000  +1                      111100100100 
    1825000  +1                      111010110000 
    1835000  +1                      111010000010 
    1845000  +1                      111010001010 
    1855000  +1                      111010111101 
    1865000  +1                      111100010000 
    1875000  +1                      111110000100 
    1885000  +1                      111111110100 
    1895000  +1                      000001000110 
    1905000  +1                      000001111111 
    1915000  +1                      000010101011 
    1925000  +1                      000011001011 
    1935000  +1                      000011011111 
    1945000  +1                      000011111111 
    1955000  +1                      000100100011 
    1965000  +1                      000100111011 
    1975000  +1                      000100111000 
    1985000  +1                      000100001111 
    1995000  +1                      000010111100 
    2005000  +1                      000000110111 
    2015000  +1                      111110110001 
    2025000  +1                      111100100000 
    2035000  +1                      111010110110 
    2045000  +1                      111010010101 
    2055000  +1                      111011000110 
    2065000  +1                      111101000000 
    2075000  +1                      111111101011 
    2085000  +1                      000010010010 
    2095000  +1                      000100001010 
    2105000  +1                      000100101111 
    2115000  +1                      000011101111 
    2125000  +1                      000001001101 
    2135000  +1                      111110010011 
    2145000  +1                      111011010000 
    2155000  +1                      111001001110 
    2165000  +1                      111000011001 
    2175000  +1                      111001010100 
    2185000  +1                      111011110000 
    2195000  +1                      111110100010 
    2205000  +1                      000001000011 
    2215000  +1                      000010101110 
    2225000  +1                      000011001111 
    2235000  +1                      000010011100 
    2245000  +1                      000001000011 
    2255000  +1                      111111010011 
    2265000  +1                      111110100000 
    2275000  +1                      111110011101 
    2285000  +1                      111111110100 
    2295000  +1                      000001111011 
    2305000  +1                      000100011111 
    2315000  +1                      000110100001 
    2325000  +1                      000111100101 
    2335000  +1                      000111000101 
    2345000  +1                      000101101111 
    2355000  +1                      000011000001 
    2365000  +1                      000000010101 
    2375000  +1                      111110000011 
    2385000  +1                      111101000000 
    2395000  +1                      111101000011 
    2405000  +1                      111110000011 
    2415000  +1                      111111110011 
    2425000  +1                      000000111111 
    2435000  +1                      000001010111 
    2445000  +1                      000000101100 
    2455000  +1                      111110111000 
    2465000  +1                      111100100000 
    2475000  +1                      111010011000 
    2485000  +1                      111000111011 
    2495000  +1                      111000111000 
    2505000  +1                      111010100000 
    2515000  +1                      111101010010 
    2525000  +1                      000000100001 
    2535000  +1                      000011011010 
    2545000  +1                      000101001111 
    2555000  +1                      000101100111 
    2565000  +1                      000100100101 
    2575000  +1                      000010000110 
    2585000  +1                      111110110000 
    2595000  +1                      111011111010 
    2605000  +1                      111001111111 
    2615000  +1                      111001100111 
    2625000  +1                      111010110000 
    2635000  +1                      111101011000 
    2645000  +1                      000000101101 
    2655000  +1                      000011100101 
    2665000  +1                      000101011111 
    2675000  +1                      000110011000 
    2685000  +1                      000101110100 
    2695000  +1                      000100000011 
    2705000  +1                      000001111111 
    2715000  +1                      000000011010 
    2725000  +1                      111111010010 
    2735000  +1                      111111011011 
    2745000  +1                      000000011111 
    2755000  +1                      000010000010 
    2765000  +1                      000011100001 
    2775000  +1                      000100000000 
    2785000  +1                      000011101111 
    2795000  +1                      000010001100 
    2805000  +1                      111111110100 
    2815000  +1                      111101001011 
    2825000  +1                      111011000000 
    2835000  +1                      111001011101 
    2845000  +1                      111001010010 
    2855000  +1                      111010000111 
    2865000  +1                      111100000000 
    2875000  +1                      111110000110 
    2885000  +1                      111111111111 
    2895000  +1                      000001010101 
    2905000  +1                      000001111111 
    2915000  +1                      000001111100 
    2925000  +1                      000001011010 
    2935000  +1                      000000101001 
    2945000  +1                      000000000000 
    2955000  +1                      111111110111 
    2965000  +1                      000000000000 
